Карманный_персональный_компьютер
14611 0 11
373
1063
595
161
958
125
279
310
293
573
599
Движение_свободного_программного_обеспечения
23063 0 61
483
519
952
449
888
2
706
137
646
243
594
1189
1053
394
1012
392
608
18
311
605
475
997
1030
502
1017
958
261
621
586
412
771
468
108
788
792
585
1167
440
401
1155
889
284
293
977
1101
377
922
726
547
1057
93
94
446
12
869
156
262
818
319
951
870
C++14
28175 0 7
224
132
776
275
846
337
1188
Elm_(язык_программирования)
4561 0 31
614
224
1036
1210
700
1018
620
776
304
1192
692
391
740
275
846
1059
797
895
462
996
616
890
830
454
455
617
998
448
320
113
554
Fedora_Live_USB_creator
3088 0 8
706
846
317
996
830
293
12
855
PyCharm
4822 0 78
129
1027
314
1039
294
169
878
224
856
511
1025
321
195
702
178
535
809
841
69
1159
144
149
1151
652
776
423
645
828
492
594
1024
915
397
763
772
471
909
539
391
1009
115
458
581
402
908
1147
846
302
555
485
777
445
797
208
457
360
183
798
354
996
916
1002
786
958
245
191
1140
54
792
830
253
293
246
1057
343
267
821
855
Россум,_Гвидо_ван
67 1 1
1004
Фреймворк
10933 0 106
296
831
297
1092
257
694
656
1103
604
224
1174
968
164
661
83
577
964
709
702
881
414
719
570
503
88
62
162
130
825
376
97
1093
1097
8
212
779
428
292
776
304
1122
315
631
1104
1171
674
594
290
403
851
263
542
1014
391
110
946
275
461
1062
1197
569
541
846
175
317
325
961
797
327
736
641
150
1071
895
50
518
270
352
650
1190
31
242
741
904
669
1152
90
576
717
996
983
82
66
811
58
1150
105
578
958
783
125
1096
1067
573
839
855
Гистограмма_(фотография)
11776 0 3
704
846
409
CPython
5623 0 73
129
421
545
314
1091
665
164
230
702
178
535
342
272
841
144
84
451
594
264
46
180
471
906
389
595
950
522
1078
11
785
331
664
332
1147
339
871
569
541
846
742
318
143
853
470
574
1006
634
879
848
863
741
79
904
669
476
38
556
105
256
286
191
452
1007
1140
615
54
830
293
922
1079
343
1080
855
Curry
4456 0 32
614
224
1036
1210
700
1018
620
776
304
1192
365
391
740
275
846
797
895
462
616
890
911
473
635
617
998
982
448
1178
320
855
113
554
Центр_приложений_Ubuntu
4423 0 25
536
733
1085
272
376
706
163
1134
594
846
431
507
1202
271
962
338
978
958
125
830
663
293
12
1146
855
Debconf_(программный_пакет)
4198 0 11
831
1210
376
494
315
1134
275
846
586
114
108
Международный_фонетический_алфавит
68686 0 5
46
958
125
1045
89
WxFormBuilder
4593 0 18
224
511
1025
594
436
46
391
846
916
556
983
74
830
293
922
1057
12
855
Mongrel
4516 0 36
314
439
123
535
503
1040
563
836
81
268
1028
859
776
182
981
403
333
946
550
846
334
797
208
327
1071
741
1165
66
105
191
1140
830
293
343
193
1080
ORM
12489 0 6
958
768
670
473
1057
12
Oz_(язык_программирования)
14503 0 38
1098
614
224
1036
1210
700
1018
272
776
304
594
1192
46
391
740
275
846
797
895
462
616
890
1140
39
40
635
247
158
28
617
998
644
157
448
320
855
113
554
Amiga
20202 0 1
293
AngularJS
19912 0 99
297
1027
257
694
656
294
1103
604
1174
968
164
83
577
964
702
881
414
719
1019
570
503
88
162
130
825
97
1093
1097
8
212
779
428
292
776
304
1122
631
1104
1171
674
290
403
851
263
542
1014
391
110
946
275
461
1062
1197
569
541
846
175
325
961
797
327
736
641
150
1071
895
50
518
270
352
650
1190
31
242
741
904
669
1152
90
576
717
82
66
811
58
1150
105
958
191
125
227
1067
440
830
922
12
839
1080
855
Grails
10032 0 93
297
1092
257
694
656
1103
604
1174
968
164
83
577
964
702
881
414
719
570
503
88
162
130
825
97
1097
8
212
779
428
292
776
304
1122
631
1104
1171
674
290
403
851
263
542
1014
391
110
946
275
461
1062
1197
569
541
846
175
325
961
797
327
736
641
150
1071
895
50
518
270
352
650
1190
31
242
741
904
669
1152
90
576
717
74
82
66
811
58
1150
105
611
1067
54
830
293
953
839
855
Plasma_(KDE)
2926 0 26
831
224
20
449
376
796
304
315
243
645
1069
594
346
1175
846
388
408
797
1148
301
191
830
293
274
1080
855
Zenwalk
7802 0 19
1063
1210
376
776
1145
594
1175
275
846
797
507
125
586
114
1048
1050
293
922
678
Динамически_подключаемая_библиотека
4669 0 16
296
831
607
903
1028
990
46
389
523
527
1148
996
958
191
748
780
Groovy
17807 0 48
694
614
224
1036
1210
700
178
1018
1093
149
435
776
304
451
1192
391
740
275
846
797
736
895
518
597
462
958
616
622
286
191
42
748
890
453
830
514
348
1021
544
455
617
998
644
676
320
855
113
554
Alice_(язык_программирования)
5501 0 34
614
224
1036
1210
700
1022
1018
435
776
304
1192
1090
391
740
275
846
797
895
462
616
286
890
911
1121
12
455
617
998
480
448
320
855
113
554
Java_(программная_платформа)
8798 0 23
831
224
728
706
1097
776
304
1061
846
797
736
895
248
286
966
497
1073
39
54
293
41
343
1130
MapReduce
13281 0 24
1063
224
708
700
1110
1051
503
450
116
1159
97
776
764
351
226
275
846
317
797
393
985
1196
448
1178
Определение_свободного_программного_обеспечения
6393 0 57
483
519
952
449
888
2
706
137
646
243
1189
1053
394
1012
392
608
18
311
605
475
997
1030
502
1017
958
261
621
1074
586
412
771
468
108
788
792
585
1167
440
1155
889
284
977
377
922
726
1057
93
94
446
12
869
156
262
818
319
951
870
Аспектно-ориентированное_программирование
8335 0 19
776
958
748
452
227
136
956
1121
824
987
473
976
635
573
87
767
644
982
448
Aranea_framework
2516 0 92
297
1092
257
694
656
604
1174
968
164
83
577
964
702
881
414
719
570
503
88
162
130
825
97
1093
1097
8
212
779
428
292
776
304
1122
631
1104
1171
674
290
403
851
263
542
1014
391
110
946
275
461
1062
1197
569
541
846
175
325
961
797
327
736
641
150
1071
895
50
518
270
352
650
1190
31
242
741
904
669
1152
90
576
717
82
66
811
58
1150
105
611
1067
54
830
473
293
839
855
Kohana
30533 0 110
831
297
1092
257
694
656
294
1103
604
1174
968
164
83
340
577
964
195
702
881
414
719
178
570
503
88
162
130
825
97
1093
1097
8
212
779
428
292
776
304
1122
631
1171
674
290
403
851
471
263
1089
542
1014
391
110
946
400
275
461
1062
1187
1197
569
541
846
175
334
325
961
797
327
736
641
150
1071
895
50
518
270
352
650
457
1190
31
242
741
904
669
1152
90
576
717
82
66
811
58
1150
786
105
611
1067
136
39
54
585
830
473
293
267
839
870
1080
855
TWiki
2026 0 29
296
638
1117
706
463
776
304
1192
61
479
366
391
275
151
846
710
797
823
72
231
357
396
283
739
54
830
293
12
855
Meld
2892 0 32
1039
733
551
20
65
449
215
704
376
888
919
796
163
850
69
813
45
594
346
397
236
846
280
457
338
353
1118
958
830
293
12
855
Nebula_Device
17103 0 30
296
1200
224
230
1003
801
646
433
776
594
436
46
24
523
259
871
846
1119
797
311
242
680
958
398
54
830
293
922
12
855
.pyd
20 1 1
846
Деление_с_остатком
20230 0 34
1027
628
224
700
577
964
380
503
1064
1018
450
620
481
776
304
436
277
234
391
275
908
846
302
668
797
641
242
354
248
245
615
658
246
343
CouchDB
18384 0 58
373
691
831
1129
118
257
483
516
694
439
656
1034
9
842
466
671
503
980
324
48
292
776
304
594
306
692
1100
971
46
351
234
238
437
10
391
1187
846
170
797
393
358
457
179
31
507
722
717
858
958
256
54
792
830
670
293
922
12
855
Open_Asset_Import_Library
3643 0 8
814
224
700
846
54
830
343
56
Sonata
1834 0 8
706
163
846
830
293
12
870
855
OpenShot_Video_Editor
13348 0 15
373
129
814
376
163
815
594
802
846
317
125
830
293
12
855
Airtime
15768 0 11
793
706
292
304
594
391
846
830
293
12
855
Mailpile
4341 0 6
846
830
446
12
929
855
GPodder
4082 0 12
706
163
594
846
317
996
985
54
830
293
922
855
Foswiki
1493 0 30
296
638
706
463
776
304
1192
61
479
366
391
275
151
846
710
797
1105
823
72
231
357
396
283
739
125
54
830
293
12
855
WinMerge
3227 0 19
224
706
776
304
1106
397
46
740
846
457
826
1148
996
830
293
922
765
12
855
Ren\'Py
10486 0 23
129
1063
1200
230
1003
801
433
594
692
46
1107
24
259
871
846
680
958
830
293
922
12
599
855
Обратная_косая_черта
5744 0 19
224
776
391
275
846
797
1148
354
996
958
245
747
413
731
293
246
343
89
70
Многопоточность
20744 0 5
1148
958
293
573
734
JavaServer_Faces
11054 0 93
831
297
1092
257
694
656
1103
604
1174
968
164
83
577
964
702
881
414
719
570
503
88
162
130
825
97
1093
1097
8
212
779
428
292
776
304
631
1104
1171
674
290
403
851
263
542
1014
391
110
946
275
461
1062
1197
569
541
846
175
325
961
797
327
736
641
150
1071
895
50
518
270
352
650
1190
31
242
741
904
669
1152
90
576
717
82
66
811
58
1150
105
125
1067
54
293
573
839
1080
855
MetaKit
2008 0 10
831
224
846
242
54
440
830
670
293
922
Высший_тип
8950 0 42
296
224
640
700
661
964
349
776
304
609
1061
275
846
797
736
895
354
462
1043
578
622
364
136
109
407
921
34
559
775
987
768
473
348
455
1149
1191
524
98
727
1130
456
855
Microsoft_Component_Object_Model
36 1 1
607
Поле_класса
10971 0 13
224
380
776
391
846
136
768
473
514
246
343
727
855
Timsort
17627 0 9
1063
698
846
1184
3
559
1182
582
901
TIOBE_Index
6708 0 13
224
450
776
16
1061
391
846
797
393
985
958
343
855
Apache_ActiveMQ
2277 0 23
118
257
483
516
694
439
656
9
1110
380
776
306
391
275
846
797
457
31
717
792
830
293
855
Указатель_(тип_данных)
16933 0 32
224
700
776
846
797
462
958
622
1124
364
136
109
407
927
921
34
559
775
987
768
246
348
343
455
1149
1191
524
98
727
456
432
855
Befunge
11119 0 28
614
224
1036
1210
700
469
1018
776
304
1192
391
740
275
846
797
895
462
616
864
890
615
39
617
998
320
216
113
554
BitTorrent_(программа)
3849 0 13
438
540
199
224
847
846
996
983
125
54
830
293
855
ActiveState
4193 0 13
545
304
347
391
275
846
797
242
996
1140
54
40
929
Launchpad
5261 0 25
733
1085
376
69
646
397
846
710
311
231
507
1202
271
962
925
958
611
830
663
1146
323
262
206
1084
855
Sybase
14849 0 13
572
560
178
971
389
909
595
201
179
996
161
958
125
RCML
91687 0 37
831
614
224
1036
1210
700
1018
776
304
1192
391
740
275
846
797
895
462
958
616
854
890
136
39
473
713
293
573
1141
343
454
455
617
998
644
320
113
554
LilyPond
17019 0 27
224
385
376
2
706
137
315
594
891
46
252
846
1012
797
641
74
95
125
771
54
830
293
573
726
12
951
855
ZIP
17985 0 9
46
293
922
1141
12
343
56
644
432
SimulAVR
4286 0 8
224
846
996
54
830
293
343
855
Интегрированная_среда_разработки
10944 0 89
1027
314
1039
294
614
169
878
224
856
1036
1210
700
511
1025
321
195
178
926
535
809
1018
808
841
144
149
1151
652
776
304
645
828
492
1192
1024
915
763
990
298
772
471
909
539
391
1009
115
740
458
581
275
402
908
1078
1147
846
302
555
485
777
445
797
208
895
360
183
798
354
462
916
1002
786
958
616
245
944
890
615
241
39
40
246
343
617
267
821
998
320
855
113
554
